-------------------------------- 1:89 -------------------------
9 9 2 9 11 1 2 3 2 2 25 2 29 29 29 31 29 29 31 8 7 7 5 1 3 3 3 25 3 25 27 4 4 4 11 4 4 31 31 31 4 31 4 31 31 31 31 31 28 28 28 4 28 31 28 28 28 28 28 14 31 28 11 10 10 28 11 11 2 26 11 25 10 2 11 2 2 9 2 2 2 10 10 2 1 25 3 2 25 
-------------------------------- 1:89 -------------------------
2 9 2 2 26 27 4 29 29 29 4 4 2 7 5 5 3 3 3 3 3 3 3 27 27 27 27 27 27 28 4 4 27 31 31 31 4 31 31 31 4 4 31 31 31 28 31 31 28 11 12 31 28 28 28 27 28 11 4 28 28 26 11 11 11 9 27 11 2 9 11 2 2 2 10 2 10 2 9 2 2 25 2 10 10 2 2 11 3 
-------------------------------- 1:89 -------------------------
9 2 10 9 13 2 2 10 11 4 29 29 4 29 4 4 4 4 7 5 5 3 3 3 3 3 25 27 27 27 27 27 11 11 11 28 31 31 28 4 4 31 4 31 31 31 31 31 31 31 4 4 31 31 28 28 31 31 28 28 11 31 11 11 28 4 28 11 11 11 2 2 11 27 2 9 9 2 2 25 2 11 2 2 25 11 26 2 1 
-------------------------------- 1:89 -------------------------
13 26 2 10 9 13 2 2 9 11 9 2 25 2 2 2 27 2 2 9 2 9 9 3 2 1 2 4 4 4 4 7 7 3 3 3 3 3 3 25 27 4 4 4 4 27 27 4 27 31 27 4 4 4 31 4 31 31 31 4 31 31 4 31 31 4 28 28 28 28 28 28 27 28 28 28 28 28 28 11 10 27 11 11 2 2 9 2 11 
-------------------------------- 1:89 -------------------------
10 2 2 25 10 11 2 9 2 4 29 29 29 23 29 3 7 5 5 3 3 3 25 25 25 25 27 27 27 27 27 27 27 28 28 31 28 31 31 4 4 4 31 31 31 31 31 31 31 28 28 31 31 28 31 31 4 11 28 28 28 28 28 28 27 11 27 27 27 11 2 11 11 9 2 9 2 2 2 2 2 10 9 2 25 9 26 10 2 
-------------------------------- 1:89 -------------------------
2 2 2 9 9 2 2 2 2 11 10 26 9 14 4 4 14 4 5 5 5 3 3 3 3 3 3 3 3 3 27 27 27 31 27 27 4 31 31 28 31 31 31 31 31 31 31 31 31 31 4 28 28 28 31 31 14 28 28 28 11 28 28 28 28 28 28 28 11 2 11 11 11 2 11 10 10 2 2 3 2 11 2 9 2 2 2 2 9 
-------------------------------- 1:89 -------------------------
2 9 9 1 2 2 2 4 4 4 29 29 5 5 3 3 3 3 3 3 3 25 4 27 27 27 28 27 27 27 4 31 31 31 28 31 31 31 4 31 31 31 31 4 31 4 31 31 31 31 4 28 28 28 28 11 31 28 12 27 28 28 28 25 11 10 27 2 10 26 10 3 26 11 2 11 11 11 9 25 9 10 9 2 2 2 9 25 2 
-------------------------------- 1:89 -------------------------
25 27 2 2 2 2 25 2 2 2 2 29 4 4 4 4 29 7 5 3 3 5 3 3 3 3 25 3 25 27 27 27 27 31 27 27 27 27 28 4 4 4 28 31 31 31 31 31 31 4 4 31 31 31 31 31 4 28 12 28 4 28 28 28 11 27 28 28 27 28 28 11 27 25 11 9 27 11 2 2 10 2 9 2 2 25 25 11 10 
-------------------------------- 1:89 -------------------------
13 2 2 2 2 25 2 10 2 2 2 2 2 9 25 25 9 27 31 29 31 29 31 4 4 4 29 7 5 3 3 3 3 3 25 3 27 27 27 27 27 27 27 27 4 4 4 27 4 4 31 31 31 31 31 31 31 31 31 31 4 4 31 31 31 31 12 28 28 31 11 28 26 28 11 11 11 12 11 11 11 11 10 2 11 26 11 11 10 
-------------------------------- 1:89 -------------------------
2 10 11 2 2 2 25 3 9 25 25 2 2 11 4 4 7 31 4 4 28 28 14 2 7 7 5 5 3 3 3 3 25 25 27 27 27 27 27 27 27 27 4 28 27 4 28 12 27 27 28 31 28 31 31 31 31 4 4 31 31 4 31 28 4 4 11 28 31 12 11 31 28 11 28 28 28 11 27 28 11 27 11 27 2 27 2 10 2 
-------------------------------- 1:89 -------------------------
2 2 2 25 9 11 2 2 2 2 2 2 9 25 2 2 11 27 31 31 31 31 14 4 4 4 3 3 3 3 3 3 3 3 25 25 27 27 27 27 27 27 27 27 27 27 27 4 28 4 28 4 31 31 31 31 31 4 31 31 31 4 4 28 24 31 31 31 28 11 28 28 14 28 4 28 11 4 4 28 11 27 11 26 11 10 2 2 25 
-------------------------------- 1:89 -------------------------
2 4 4 4 28 28 14 11 28 28 29 31 28 31 4 4 4 4 31 31 11 11 7 4 5 1 1 3 3 3 3 25 27 4 4 4 27 27 27 4 31 31 31 4 31 31 4 31 31 31 31 31 4 4 4 31 31 4 31 31 31 31 31 12 28 28 28 31 28 4 11 11 11 11 27 27 28 11 28 11 27 11 2 2 26 12 11 4 28 
-------------------------------- 1:89 -------------------------
10 2 2 10 10 25 4 4 4 4 4 4 4 7 7 5 5 3 3 3 25 25 27 4 27 27 27 27 4 4 27 27 4 27 31 31 4 31 31 31 31 31 31 31 31 31 31 31 31 31 28 31 31 31 31 28 31 31 31 31 28 28 28 14 28 28 11 28 28 11 10 27 4 11 9 27 27 11 27 11 11 25 27 10 2 2 25 11 9 
-------------------------------- 1:89 -------------------------
9 2 2 26 2 9 25 9 9 25 10 29 29 29 4 28 28 2 7 5 5 1 3 3 3 3 25 25 25 25 25 27 27 27 27 27 11 27 28 27 28 27 28 31 31 28 31 31 31 4 31 31 31 31 31 31 31 31 31 31 31 28 28 28 31 28 28 12 31 28 12 28 4 4 28 11 28 11 27 11 4 27 10 11 2 11 11 11 11 
-------------------------------- 1:89 -------------------------
2 10 10 11 2 2 9 2 29 31 4 31 28 28 7 5 3 3 3 3 3 3 3 3 27 27 27 4 4 27 27 27 27 27 28 28 27 4 28 27 27 28 31 31 31 4 31 31 31 31 31 31 31 31 31 28 31 31 28 28 31 28 28 28 31 12 28 11 28 11 27 27 28 28 4 11 2 10 2 13 2 11 2 2 2 9 2 11 10 
-------------------------------- 1:89 -------------------------
9 10 9 2 25 2 28 31 31 31 31 31 31 4 4 2 3 3 3 3 3 3 25 25 25 25 27 27 27 27 27 27 27 4 4 31 12 4 4 27 4 31 4 4 31 31 31 4 4 31 31 31 4 31 31 31 31 28 28 31 28 28 11 28 28 11 28 12 4 28 11 27 27 11 11 10 27 11 10 10 2 10 9 25 25 2 9 9 2 
-------------------------------- 1:89 -------------------------
9 9 27 2 25 25 9 2 9 9 2 29 29 4 4 4 4 7 5 3 3 3 3 3 3 25 27 25 27 4 27 27 27 27 27 31 28 31 31 28 12 31 31 31 31 31 31 31 31 31 31 31 31 28 31 31 31 31 28 28 28 28 11 12 14 28 27 11 11 2 2 28 2 10 25 2 25 2 2 9 2 27 11 9 9 2 2 11 2 
-------------------------------- 1:89 -------------------------
10 2 27 27 26 2 2 11 4 4 4 31 31 29 4 5 5 5 3 3 3 3 25 25 25 27 2 2 27 11 11 27 11 27 27 28 31 31 31 31 31 31 4 4 4 31 31 31 31 31 31 31 31 28 28 28 28 31 14 28 28 28 28 28 28 11 28 4 14 28 11 26 11 28 14 27 2 2 11 2 9 11 10 2 2 2 10 10 9 
-------------------------------- 1:91 -------------------------
2 4 4 4 31 4 29 5 5 7 5 3 3 3 3 25 25 25 27 27 27 27 27 27 11 11 27 4 4 4 28 31 31 4 31 31 31 31 4 31 31 31 31 28 28 4 28 31 28 27 11 31 28 28 14 31 28 28 27 12 26 2 27 11 11 11 2 10 2 2 2 9 9 2 9 2 2 2 9 10 9 2 9 9 25 2 2 9 25 2 27 
-------------------------------- 1:89 -------------------------
1 9 2 2 2 9 4 31 31 31 31 29 29 4 7 5 3 3 3 25 3 25 25 2 27 27 27 27 28 27 27 11 11 28 28 28 4 31 31 28 31 31 4 31 31 31 31 31 31 31 31 28 31 28 4 31 28 28 14 28 28 14 28 28 28 11 28 28 28 14 11 27 11 11 11 11 27 27 10 27 11 2 2 10 2 10 9 2 11 
-------------------------------- 1:91 -------------------------
2 4 4 31 31 4 29 5 5 5 3 3 3 3 3 25 27 27 25 27 27 11 27 27 11 11 27 28 27 27 31 31 4 4 31 4 31 4 31 31 4 4 31 31 31 31 31 28 31 31 28 28 28 28 28 28 28 28 28 11 11 27 26 28 11 14 11 10 9 2 9 2 2 10 2 2 25 2 2 2 9 10 2 2 25 2 9 2 10 2 2 
-------------------------------- 1:89 -------------------------
9 9 9 10 25 2 9 2 25 9 25 2 2 4 31 4 4 4 4 29 5 5 5 5 3 3 3 3 3 25 27 27 4 27 27 4 27 27 4 4 31 4 4 4 31 31 31 4 31 4 31 31 31 31 31 31 31 31 4 31 28 28 28 28 28 28 28 11 27 28 28 11 11 28 11 27 28 28 11 2 11 11 2 2 11 10 2 11 27 
-------------------------------- 1:89 -------------------------
2 2 2 2 2 25 2 25 9 2 4 4 4 29 29 29 29 29 29 4 7 7 5 5 3 3 25 25 3 25 27 27 4 27 27 4 27 27 27 12 28 31 31 27 4 31 31 4 31 31 4 4 31 31 31 31 31 28 28 31 31 28 28 28 28 28 28 28 31 28 28 28 4 11 27 11 2 27 27 9 25 2 2 10 9 10 10 11 2 
-------------------------------- 1:89 -------------------------
9 2 2 2 2 2 25 2 2 2 3 4 31 31 31 4 4 4 7 5 5 3 3 3 3 3 1 3 25 25 27 27 27 27 27 11 11 11 27 28 28 27 27 31 31 31 31 31 31 31 31 31 31 4 31 4 31 28 31 4 4 31 4 31 31 4 28 28 28 28 28 28 28 28 4 10 28 26 11 14 2 11 11 11 9 11 27 2 27 
-------------------------------- 1:89 -------------------------
9 2 25 25 4 1 9 4 4 29 29 29 29 2 5 5 5 1 1 3 3 3 3 27 27 27 27 27 27 27 27 27 27 27 27 27 28 4 28 28 28 27 4 31 4 4 4 31 31 31 28 31 31 4 28 28 31 31 28 31 28 28 28 28 28 28 28 11 4 28 11 4 11 11 26 25 26 11 11 25 11 11 11 11 2 2 2 9 2 
-------------------------------- 1:89 -------------------------
2 25 25 2 2 2 9 2 9 25 3 4 29 29 29 29 29 5 5 7 5 2 3 3 3 25 25 25 27 27 27 27 27 27 12 27 11 27 27 28 27 27 12 28 27 4 31 28 4 31 4 31 31 4 28 31 31 31 31 28 28 28 28 28 31 28 4 28 31 28 11 28 28 14 2 27 2 11 11 9 26 26 2 2 27 2 11 2 2 
-------------------------------- 1:89 -------------------------
25 25 2 2 2 3 2 2 2 2 10 9 9 3 25 2 2 2 14 4 4 4 31 4 4 7 3 3 3 3 3 3 25 25 25 3 3 27 27 27 27 27 27 27 4 4 28 31 27 4 28 31 4 4 4 31 4 4 4 31 31 31 31 4 31 31 31 31 11 28 28 28 4 12 28 14 27 11 28 27 25 2 10 2 2 25 11 27 9 
-------------------------------- 1:89 -------------------------
25 10 25 2 11 2 26 2 2 27 2 11 2 2 2 9 26 27 2 2 2 10 25 2 2 2 2 11 11 4 4 4 31 28 4 4 3 2 1 3 3 3 3 3 25 25 25 27 27 27 27 27 27 27 27 4 4 4 4 31 31 28 31 4 31 31 4 31 31 31 4 31 31 31 4 31 31 31 28 31 28 28 28 11 28 28 28 27 11 
-------------------------------- 1:89 -------------------------
2 10 25 9 25 9 25 2 9 2 2 2 2 9 2 2 25 11 4 4 4 4 4 4 4 7 3 3 3 3 3 3 25 25 3 27 27 27 27 27 27 27 27 27 4 31 31 31 31 4 31 31 31 31 31 12 31 31 31 31 31 4 28 28 31 31 31 4 28 28 28 28 12 11 11 10 14 11 11 11 11 11 11 11 2 2 11 9 25 
-------------------------------- 1:89 -------------------------
11 10 9 2 2 2 2 9 9 25 7 29 29 29 4 29 29 13 2 7 5 3 3 3 3 3 3 25 25 25 27 27 27 27 27 27 27 27 27 4 4 27 31 28 28 31 31 31 4 4 28 31 28 31 31 31 31 31 31 31 28 31 31 28 31 28 4 28 31 28 28 28 28 28 11 11 11 28 11 10 11 11 27 2 10 10 10 9 9 
-------------------------------- 1:89 -------------------------
2 2 25 10 25 25 25 2 2 25 9 27 4 4 4 4 4 27 4 2 3 3 3 3 3 3 3 27 4 4 4 4 13 13 14 14 4 4 4 4 4 31 31 31 31 31 31 31 31 31 31 4 31 28 31 31 4 28 28 28 28 31 28 28 31 28 31 12 31 28 14 28 28 27 27 11 11 2 11 11 11 11 10 11 10 10 11 2 2 
-------------------------------- 1:92 -------------------------
11 29 31 28 31 4 4 7 7 3 3 3 3 3 3 25 27 3 2 4 4 4 11 2 11 14 14 27 4 31 4 4 4 31 31 31 4 31 31 31 31 31 31 31 31 31 31 28 31 4 28 28 31 28 28 28 28 28 11 28 14 28 10 10 11 2 2 25 2 25 3 2 2 10 2 9 10 2 9 2 2 2 9 25 10 2 10 9 2 25 27 25 
-------------------------------- 1:89 -------------------------
2 9 9 2 9 9 2 2 4 31 31 31 4 4 4 4 23 23 2 3 7 3 3 4 27 27 27 27 27 27 31 4 4 31 31 4 31 31 31 31 31 31 31 12 31 31 28 31 31 31 31 31 4 31 31 28 28 28 28 28 28 28 28 28 4 28 28 28 10 11 11 2 11 11 2 25 2 25 2 9 10 10 2 9 10 25 10 2 9 
-------------------------------- 1:89 -------------------------
25 25 2 25 9 11 2 2 2 9 2 2 2 4 4 4 4 31 4 4 31 4 28 29 29 4 3 3 3 3 3 3 3 3 4 4 4 31 4 4 4 4 31 31 31 4 31 31 31 31 31 31 31 31 31 28 4 28 31 28 4 28 31 28 28 28 31 14 11 28 28 27 11 28 11 26 11 2 26 11 10 11 10 10 2 25 2 2 2 
-------------------------------- 1:89 -------------------------
2 10 9 25 2 9 2 26 2 7 31 31 31 4 4 28 28 28 4 29 29 4 4 7 3 3 3 3 4 31 4 4 4 4 4 31 31 31 31 31 31 31 31 31 31 31 31 31 4 31 31 31 31 31 28 31 28 28 28 28 31 28 28 28 28 11 10 28 4 11 27 26 11 2 2 11 27 2 2 10 2 10 2 9 9 2 2 11 2 
-------------------------------- 1:89 -------------------------
2 2 10 2 25 9 10 2 2 11 9 2 26 2 2 2 11 9 2 2 31 4 31 28 4 4 4 7 5 5 5 3 3 3 3 3 4 3 4 3 3 4 4 4 31 31 4 31 4 4 31 4 31 31 31 31 31 31 31 31 31 31 31 31 28 31 12 28 11 31 28 28 28 28 28 28 11 28 11 28 11 4 4 4 11 11 4 11 2 
-------------------------------- 1:89 -------------------------
2 9 2 2 25 9 2 27 29 31 29 31 31 28 28 29 8 7 7 7 3 3 3 4 4 4 4 4 4 4 31 31 4 4 4 31 31 31 31 31 31 28 31 31 31 31 4 31 31 31 31 28 28 31 11 28 28 28 11 28 28 28 28 28 28 11 28 27 4 11 2 26 26 26 11 10 2 27 10 25 2 11 2 2 2 2 2 25 9 
-------------------------------- 1:90 -------------------------
26 10 28 28 4 31 23 29 7 7 5 3 3 3 3 27 4 27 27 11 11 27 31 31 4 4 31 31 31 31 31 31 31 31 31 31 4 31 28 31 4 31 31 28 28 28 14 28 12 12 28 28 28 27 11 10 27 2 2 11 11 2 11 10 10 10 26 9 2 2 2 2 2 2 2 10 25 2 2 10 10 2 2 25 2 25 11 2 2 10 
-------------------------------- 1:89 -------------------------
25 9 9 25 2 10 10 31 4 4 31 31 4 29 23 4 4 7 7 3 3 3 4 4 4 4 4 27 4 4 31 31 31 31 31 4 31 4 4 31 31 4 4 4 31 31 31 31 31 28 28 28 31 28 28 28 28 28 4 28 27 28 28 28 11 28 11 11 2 2 11 2 26 2 2 11 9 2 2 26 9 9 2 9 2 2 9 2 2 
-------------------------------- 1:89 -------------------------
10 2 9 2 2 2 2 10 10 2 10 2 26 9 25 25 2 2 9 25 1 3 2 25 2 31 31 31 31 31 29 4 4 23 4 7 7 7 7 3 2 4 4 27 27 4 14 11 27 4 4 31 31 31 4 4 31 31 31 4 4 31 31 31 31 31 4 28 28 28 27 4 28 31 28 11 28 28 28 28 28 26 11 26 26 27 2 2 9 
-------------------------------- 1:89 -------------------------
9 2 2 9 10 10 11 2 2 9 2 9 10 10 9 9 2 9 9 2 11 2 1 2 2 2 9 4 4 4 4 4 4 4 4 29 23 23 23 7 7 3 3 3 3 27 27 4 4 4 4 31 31 31 4 4 31 31 31 31 31 31 31 4 31 31 4 28 31 31 31 4 28 28 28 4 4 28 28 11 28 12 28 28 28 11 14 10 27 
-------------------------------- 1:89 -------------------------
21 29 4 4 4 28 4 4 7 3 3 5 5 3 3 3 3 3 4 27 4 27 2 27 27 4 4 4 4 27 31 4 4 4 31 31 31 31 4 31 31 31 4 31 28 31 31 4 31 28 31 28 28 31 4 28 28 31 28 28 28 28 28 11 11 28 27 11 11 11 11 26 28 25 11 2 2 2 2 11 2 11 11 2 9 9 9 9 2 
-------------------------------- 1:89 -------------------------
25 2 11 2 2 2 9 2 2 10 2 2 29 31 31 4 4 28 4 4 31 23 29 4 3 3 3 3 4 4 4 27 4 4 11 27 12 28 31 4 4 4 4 4 4 31 31 31 31 31 31 31 31 31 31 31 28 31 31 31 28 28 31 28 28 11 11 28 28 28 4 28 2 28 28 11 2 10 11 11 26 25 2 11 9 10 2 2 25 
-------------------------------- 1:89 -------------------------
10 2 2 25 2 9 26 2 10 2 2 28 4 4 4 4 4 31 29 7 5 3 1 3 3 3 25 25 3 3 3 4 27 4 27 4 27 14 4 31 31 4 31 31 31 31 31 31 4 31 31 31 31 31 31 31 31 4 12 31 28 28 28 27 28 31 4 28 28 28 28 11 27 28 11 26 2 27 27 26 2 11 10 10 2 2 9 2 2 
-------------------------------- 1:89 -------------------------
10 2 2 9 9 2 1 2 10 2 13 4 4 31 31 28 28 14 14 4 4 5 5 3 3 3 4 27 27 27 4 4 27 31 31 31 4 4 31 31 31 31 31 31 31 31 31 32 28 4 28 28 31 28 28 31 28 28 28 12 28 11 11 12 28 11 28 28 11 2 25 27 11 2 2 11 25 25 2 2 10 11 2 2 25 9 9 2 25 
-------------------------------- 1:89 -------------------------
2 4 4 4 4 28 14 4 4 4 28 4 4 29 2 2 27 27 3 4 4 4 4 29 29 29 29 5 5 3 3 3 3 25 27 25 27 4 27 4 4 4 4 4 14 4 4 4 31 4 4 31 31 31 31 4 31 4 4 4 31 31 4 28 4 4 4 28 4 28 4 31 28 28 28 31 28 28 11 28 4 11 27 27 11 2 11 13 11 
-------------------------------- 1:89 -------------------------
2 2 2 2 2 10 25 26 1 1 4 29 30 4 4 4 4 4 4 13 23 4 3 7 5 3 4 4 4 4 27 4 4 4 4 4 4 4 31 4 4 31 24 31 31 31 31 31 32 31 31 31 31 28 31 4 28 31 4 28 28 28 2 11 28 28 26 28 11 11 11 11 26 27 2 2 26 2 2 2 2 11 10 2 2 2 3 10 9 
-------------------------------- 1:92 -------------------------
4 4 4 4 29 29 29 4 29 29 7 5 1 3 3 3 3 3 3 3 3 3 4 4 4 4 4 31 4 4 31 4 31 31 31 4 31 31 31 31 31 31 31 31 4 31 31 31 31 27 31 31 31 31 28 28 28 28 28 28 28 14 28 28 28 27 28 11 28 28 4 28 26 11 28 4 2 27 10 2 2 2 25 2 2 2 10 10 25 10 2 9 
-------------------------------- 1:89 -------------------------
10 3 2 13 28 4 31 31 4 31 31 31 4 29 23 2 7 7 3 3 3 3 4 27 27 27 4 27 4 27 4 4 31 31 31 4 4 31 31 4 31 31 31 31 31 31 31 31 28 31 31 28 28 28 28 28 11 28 28 28 28 28 28 28 27 11 11 11 4 11 2 2 11 10 10 10 11 10 2 25 9 10 2 2 1 2 25 25 2 
-------------------------------- 1:89 -------------------------
2 10 2 25 2 27 11 5 1 4 8 29 29 29 4 4 29 7 5 5 3 3 3 3 25 3 27 3 3 2 4 4 4 4 4 4 31 31 4 4 31 4 32 31 4 4 31 31 31 4 31 31 31 31 28 31 31 31 28 28 4 4 31 28 28 28 28 28 4 27 28 11 28 27 2 11 27 2 27 2 11 11 25 11 10 10 2 2 11 
