-------------------------------- 2:89 -------------------------
2 25 2 9 9 2 2 9 9 2 2 9 2 9 25 2 9 1 9 2 10 10 11 9 9 2 2 11 2 2 2 9 2 4 27 4 4 4 4 4 29 29 4 4 4 29 29 4 4 31 4 4 4 4 31 30 30 31 31 4 31 31 31 4 31 28 28 28 31 28 28 11 28 28 28 14 28 11 28 2 2 11 11 10 2 11 27 11 2 
-------------------------------- 2:89 -------------------------
25 9 9 2 26 2 11 10 2 2 2 2 9 2 2 2 2 2 9 9 2 13 3 4 4 4 4 4 4 4 4 4 29 29 4 4 4 4 4 4 4 4 4 4 4 4 4 29 4 4 29 31 31 31 31 31 31 31 4 4 4 4 31 31 31 4 28 31 11 4 12 28 28 4 4 28 28 11 2 2 2 26 25 2 11 10 10 2 26 
-------------------------------- 2:89 -------------------------
2 2 2 25 2 9 2 10 2 9 2 2 2 2 2 2 2 4 27 4 4 4 4 4 4 4 4 4 4 4 4 4 4 4 29 4 4 4 4 4 4 29 4 4 29 29 30 30 30 4 31 31 31 31 4 4 31 28 31 28 31 28 31 28 28 28 28 31 28 11 4 28 12 4 11 28 11 11 11 11 11 25 27 25 2 2 2 11 2 
-------------------------------- 2:89 -------------------------
2 2 10 13 13 10 2 9 2 2 2 2 2 2 9 2 2 2 2 4 4 3 4 4 4 4 4 4 4 4 4 4 4 4 4 4 4 4 4 4 4 31 29 4 4 30 31 4 4 4 31 31 29 4 31 31 28 14 28 28 11 11 28 28 28 11 31 12 4 11 11 28 11 2 27 28 26 2 2 26 11 2 2 2 25 2 25 2 2 
-------------------------------- 2:89 -------------------------
28 28 28 28 27 27 28 28 28 28 28 28 11 11 28 28 27 2 2 4 4 4 4 29 4 4 4 4 4 4 4 4 4 4 4 4 4 4 7 4 4 4 4 4 4 4 4 4 30 32 29 30 31 31 4 31 31 4 31 31 31 31 31 28 28 28 4 28 28 28 4 28 28 28 28 4 28 28 27 28 28 28 28 28 11 4 11 28 28 
-------------------------------- 2:89 -------------------------
13 26 2 2 25 2 2 9 2 2 2 10 11 2 9 2 27 9 9 27 10 2 9 11 2 3 27 4 4 4 4 4 4 29 29 29 29 31 4 4 4 4 4 4 4 29 4 4 4 4 4 4 4 4 31 31 31 31 4 4 31 31 31 4 4 31 31 28 31 31 4 28 31 28 28 27 14 4 2 11 11 11 11 2 26 11 27 2 2 
-------------------------------- 2:89 -------------------------
2 2 25 9 10 9 9 25 2 9 2 11 11 2 11 2 9 10 2 4 4 4 4 4 4 4 4 4 4 4 4 4 4 4 4 4 7 4 4 4 4 4 4 4 4 31 4 4 4 31 31 31 32 31 31 4 31 31 31 31 4 31 31 4 28 28 28 4 14 11 28 28 11 11 11 4 27 28 26 25 2 2 25 11 2 11 11 10 2 
-------------------------------- 2:89 -------------------------
10 2 10 2 2 25 9 25 2 2 2 2 11 2 4 11 11 9 11 27 2 9 9 9 9 9 9 9 1 9 13 4 27 4 4 4 29 4 4 4 4 4 4 4 4 31 31 31 29 4 4 31 4 4 4 29 29 31 31 31 31 4 31 31 4 31 31 31 31 31 28 31 28 28 31 28 28 28 31 28 28 28 28 4 11 28 28 28 11 
-------------------------------- 2:89 -------------------------
25 2 10 2 9 2 2 2 2 2 9 9 2 10 25 2 3 25 9 27 4 7 7 4 4 4 4 4 4 4 4 4 4 4 4 29 4 4 4 29 29 29 4 4 31 4 4 32 31 31 31 4 31 31 31 31 31 31 28 31 31 31 31 28 28 31 31 28 28 28 28 28 28 28 28 4 28 14 27 11 2 28 28 11 26 10 2 11 26 
-------------------------------- 2:89 -------------------------
2 9 2 9 11 2 2 10 25 9 2 2 9 2 2 10 11 10 11 10 2 2 2 2 2 25 9 25 10 10 1 25 9 9 2 2 4 4 4 4 4 4 7 29 29 4 4 4 4 4 4 4 4 29 4 4 7 4 4 4 4 4 29 29 29 30 30 30 30 31 4 4 31 31 31 31 31 31 28 28 28 28 4 28 28 28 11 11 4 
-------------------------------- 2:89 -------------------------
10 11 2 3 9 2 2 2 2 2 2 25 9 9 2 2 2 9 2 2 9 2 2 9 2 2 4 4 4 4 4 4 4 4 4 4 4 4 4 4 4 7 7 4 4 4 29 29 31 31 31 31 29 29 32 31 4 31 31 4 28 31 31 31 31 28 28 28 28 28 28 28 28 23 28 28 28 4 11 14 11 2 27 11 28 11 2 2 2 
-------------------------------- 2:89 -------------------------
2 2 25 25 2 13 2 2 11 1 2 2 10 2 2 2 2 2 2 1 2 2 26 4 4 4 4 4 4 4 4 4 4 4 4 4 4 4 4 29 29 4 31 31 31 31 4 31 31 31 31 31 31 31 31 31 31 31 4 31 31 31 4 31 31 28 28 4 31 28 28 28 28 31 28 11 28 28 2 27 11 28 11 26 11 11 27 2 11 
-------------------------------- 2:89 -------------------------
2 2 26 2 2 1 9 25 25 2 2 2 2 2 25 25 2 2 1 9 2 2 3 25 2 2 2 4 4 4 4 4 29 29 4 4 4 4 4 4 4 4 4 4 4 4 4 4 4 4 4 29 31 29 4 4 31 31 31 4 31 31 31 31 31 31 31 28 31 28 14 28 28 31 31 11 11 28 28 27 28 27 11 11 11 11 28 10 11 
-------------------------------- 2:89 -------------------------
2 25 25 2 2 25 2 2 2 9 3 2 25 25 2 11 25 10 9 9 27 2 9 25 2 2 9 2 25 9 9 4 4 4 4 4 4 4 4 4 10 3 7 4 4 4 7 29 4 4 29 29 4 4 31 31 29 4 4 31 31 4 4 31 31 31 31 31 31 31 28 28 28 11 28 28 11 14 28 28 4 4 11 26 28 11 10 11 11 
-------------------------------- 2:89 -------------------------
2 27 11 11 9 9 2 2 9 9 25 2 2 2 10 2 2 2 25 25 2 9 2 25 25 2 2 9 25 26 4 27 4 4 4 7 4 7 7 4 4 4 4 4 4 4 29 29 4 4 4 4 4 31 31 4 4 32 32 30 31 31 31 31 31 31 31 31 31 31 28 31 28 28 28 28 28 28 28 31 28 11 28 28 28 11 11 28 26 
-------------------------------- 2:89 -------------------------
3 11 2 25 9 2 1 2 2 2 9 28 4 11 2 2 10 27 2 2 2 2 2 2 2 2 2 2 2 2 9 2 2 27 27 4 4 29 4 4 4 4 4 4 4 4 4 29 29 29 31 4 29 4 31 30 4 4 31 4 31 31 31 31 31 31 31 31 31 12 28 28 28 28 4 31 28 11 28 28 28 11 11 28 11 2 2 2 10 
-------------------------------- 2:89 -------------------------
25 25 9 25 2 2 27 2 9 2 2 2 2 2 9 2 9 2 2 9 2 2 2 2 2 25 25 25 9 2 2 11 2 4 27 4 4 4 4 4 4 4 4 4 4 4 4 4 4 4 4 4 31 29 29 4 29 31 29 29 31 30 31 31 31 31 4 31 4 31 31 31 28 31 31 28 11 31 28 28 28 28 11 12 28 2 28 28 4 
-------------------------------- 2:89 -------------------------
9 2 10 2 11 2 2 2 2 2 2 2 9 2 2 2 2 2 2 9 3 2 2 2 2 25 2 2 10 9 9 9 2 2 2 9 2 2 4 4 4 4 4 4 4 4 4 4 4 4 4 4 4 4 4 4 4 4 4 4 4 31 31 4 31 31 31 31 30 31 31 31 4 31 31 31 31 31 31 4 28 28 31 28 28 28 28 28 28 
-------------------------------- 2:89 -------------------------
2 2 26 2 9 11 2 2 25 2 9 2 2 2 1 2 2 2 4 4 4 4 4 4 4 4 4 4 4 4 4 4 4 4 4 4 4 4 7 4 4 29 29 4 4 29 4 4 31 4 4 4 4 31 31 31 31 32 31 31 31 31 28 31 31 28 28 28 28 14 11 28 28 28 11 11 28 28 27 11 2 4 26 27 2 11 2 10 25 
-------------------------------- 2:89 -------------------------
9 2 2 11 2 10 11 2 10 2 10 2 25 2 9 9 26 2 2 2 9 13 1 1 4 27 4 4 4 4 4 4 4 4 4 4 4 4 4 4 4 4 4 4 7 4 4 4 4 29 4 4 4 4 4 4 4 30 30 31 31 31 31 31 31 4 28 31 28 28 28 31 28 28 28 28 28 11 4 28 28 11 11 11 26 10 11 2 26 
-------------------------------- 2:89 -------------------------
2 1 11 10 25 2 2 2 2 25 2 11 2 2 2 2 2 9 10 25 4 4 4 4 4 4 4 4 4 4 4 4 4 4 4 7 4 4 4 4 4 29 29 29 29 4 4 4 31 31 31 31 31 31 31 31 31 31 31 31 31 31 31 28 31 28 31 28 28 28 31 31 28 14 11 28 28 14 28 4 28 10 2 27 11 2 11 27 4 
-------------------------------- 2:89 -------------------------
10 9 2 2 9 2 2 10 11 9 26 9 11 2 2 9 2 2 2 2 2 2 25 9 2 9 9 25 2 25 25 25 2 2 2 2 2 3 4 4 4 4 4 4 4 4 7 4 4 4 4 7 4 4 4 4 4 4 4 31 32 31 31 32 31 4 4 31 31 31 4 4 4 4 4 4 4 4 31 11 28 28 28 28 12 11 28 11 28 
-------------------------------- 2:89 -------------------------
2 25 2 2 10 9 2 2 2 2 10 2 9 2 2 1 2 3 2 25 2 2 10 2 2 10 2 9 2 2 2 2 2 9 25 9 2 2 2 10 4 4 4 4 4 4 4 4 4 4 4 4 4 4 4 4 4 4 29 4 29 4 4 4 4 4 31 31 4 31 32 31 31 31 31 31 4 4 28 28 28 28 31 31 31 28 11 28 28 
-------------------------------- 2:89 -------------------------
2 2 26 2 10 25 27 2 3 2 27 2 2 2 25 9 9 2 2 2 11 25 26 2 2 2 2 2 2 4 4 4 4 4 4 4 7 7 7 4 7 7 4 29 4 29 4 4 4 4 4 29 31 4 4 29 4 31 31 31 30 31 4 31 31 31 31 31 31 31 31 31 31 4 31 14 28 28 28 28 28 28 28 11 4 11 11 11 11 
-------------------------------- 2:89 -------------------------
2 2 10 9 2 2 2 3 2 2 2 9 25 25 2 9 2 2 3 9 9 4 4 4 4 4 4 4 14 4 4 4 4 7 4 4 4 4 4 4 4 4 4 4 4 31 31 29 31 31 31 4 31 4 4 31 31 31 31 31 31 31 31 28 31 31 31 28 28 28 28 28 28 28 28 11 28 11 27 27 11 11 2 28 27 2 2 2 10 
-------------------------------- 2:89 -------------------------
2 2 2 2 2 2 2 2 11 9 9 27 25 9 2 2 2 9 9 2 9 9 10 9 2 2 2 4 4 4 4 14 4 4 4 14 14 4 4 4 29 4 4 4 29 4 4 4 4 29 29 4 4 29 31 4 4 4 31 4 31 31 31 31 31 31 32 31 31 31 28 4 28 28 28 28 28 31 28 11 12 28 28 11 28 28 11 11 2 
-------------------------------- 2:89 -------------------------
2 2 2 10 10 2 1 2 27 9 2 3 2 2 2 2 10 9 2 9 9 2 2 4 27 4 14 4 4 2 6 13 7 14 14 4 4 6 4 4 4 4 4 4 29 14 29 4 4 4 29 4 31 4 4 31 4 30 31 31 4 31 4 31 28 14 31 28 28 28 28 28 4 11 28 11 11 28 28 11 11 10 11 26 2 2 27 11 10 
-------------------------------- 2:89 -------------------------
2 2 2 2 25 2 27 10 2 2 2 2 9 2 9 9 9 9 2 2 1 2 9 9 4 4 4 4 4 4 4 7 4 4 6 29 4 4 31 14 14 29 31 4 4 4 4 29 31 4 4 29 4 31 31 31 32 31 31 31 4 31 31 31 31 31 31 31 31 28 12 31 4 4 28 28 28 28 28 12 28 28 4 28 28 11 27 11 11 
-------------------------------- 2:89 -------------------------
1 9 2 2 2 11 9 9 2 2 2 2 2 25 2 2 2 2 2 2 2 25 2 2 1 1 2 11 9 2 25 9 2 27 4 4 4 4 4 4 4 4 4 4 4 4 4 29 29 4 4 4 29 29 31 4 4 29 31 31 31 4 4 31 31 31 4 4 4 4 31 31 31 31 4 28 28 28 28 11 28 4 11 11 28 28 10 11 28 
-------------------------------- 2:89 -------------------------
9 9 2 25 25 25 1 9 25 2 9 2 9 25 1 3 25 26 2 2 9 2 4 27 27 14 4 4 7 4 4 14 4 4 4 4 14 14 4 4 29 14 4 4 31 29 31 29 29 29 31 31 4 30 4 4 30 4 4 30 31 31 31 31 31 28 28 28 28 28 28 28 28 11 28 12 27 11 11 12 11 27 2 11 4 2 2 10 10 
-------------------------------- 2:89 -------------------------
25 25 25 25 9 9 2 9 27 10 27 25 2 9 10 2 2 27 4 4 4 4 4 4 4 4 4 4 4 4 4 4 29 4 4 4 4 31 31 31 29 31 31 4 31 31 31 31 31 31 31 31 31 4 28 31 4 28 31 28 28 28 28 4 28 4 28 28 28 2 10 11 11 11 11 27 27 2 4 11 11 2 2 2 10 9 2 25 2 
-------------------------------- 2:89 -------------------------
3 2 2 25 2 2 25 2 2 2 11 11 2 9 9 10 9 2 2 2 4 4 4 4 4 4 4 4 4 4 4 4 4 4 4 4 4 4 4 4 4 4 4 4 4 4 4 29 4 4 31 4 4 31 31 31 32 31 31 31 4 4 31 28 4 12 31 14 11 28 28 11 11 14 4 11 11 2 13 11 2 27 2 11 11 2 2 9 2 
-------------------------------- 2:89 -------------------------
9 2 11 11 2 10 9 2 9 9 2 2 9 9 10 9 2 9 2 2 2 4 4 4 4 4 4 4 4 4 4 4 4 4 4 4 4 4 7 4 4 29 29 4 4 4 31 31 4 31 30 31 4 31 31 31 31 4 31 31 31 28 28 28 31 28 28 28 28 28 28 28 28 11 11 28 11 11 25 4 10 2 2 27 25 2 2 2 2 
-------------------------------- 2:89 -------------------------
2 10 9 2 2 2 11 2 2 2 2 25 2 2 27 27 27 27 4 4 4 4 4 4 4 4 4 4 4 4 4 4 4 4 4 29 4 4 31 31 29 4 4 4 4 31 31 31 31 31 31 31 31 31 28 28 12 28 31 28 14 4 28 28 28 28 4 11 4 11 28 26 28 11 11 27 11 10 2 2 4 2 2 9 11 11 9 25 2 
-------------------------------- 2:89 -------------------------
2 9 9 2 9 2 2 2 10 10 2 9 2 2 2 9 9 13 9 2 9 2 2 2 25 25 9 9 9 2 2 4 4 4 4 4 4 4 4 4 4 4 4 4 4 4 4 4 4 4 4 4 4 4 4 4 4 29 31 4 4 31 32 31 4 31 31 4 4 4 31 31 4 31 28 31 28 28 31 28 28 27 28 28 28 26 28 28 28 
-------------------------------- 2:89 -------------------------
27 2 2 25 11 9 10 26 10 2 11 9 2 11 13 2 2 27 9 9 2 9 9 26 4 3 4 7 4 4 4 29 4 4 29 4 4 4 4 4 4 4 4 4 4 4 31 4 4 4 4 31 4 31 31 31 31 4 31 31 4 12 28 14 28 4 28 28 11 28 11 28 4 11 11 26 26 11 9 26 2 26 2 2 10 10 2 26 2 
-------------------------------- 2:89 -------------------------
11 2 25 25 2 11 2 27 25 2 2 2 2 25 27 9 9 4 3 4 4 4 4 4 4 4 4 4 4 4 4 4 4 4 4 4 4 4 4 4 4 29 30 4 4 4 4 31 31 31 31 31 31 31 31 31 31 31 31 31 31 28 28 4 28 31 28 11 28 28 11 11 28 11 2 11 11 11 2 2 2 2 2 2 10 2 2 25 25 
-------------------------------- 2:89 -------------------------
1 10 11 2 25 3 2 9 9 9 9 2 14 4 4 4 4 4 4 4 31 4 4 29 4 4 4 29 29 4 4 31 31 4 31 31 4 4 4 4 31 32 31 31 31 4 31 28 31 28 28 31 31 28 4 28 28 28 4 28 28 11 11 11 28 12 28 11 11 11 27 2 4 25 10 28 11 2 2 2 9 9 2 9 4 31 10 2 2 
-------------------------------- 2:89 -------------------------
26 2 26 2 2 9 2 2 2 13 2 2 2 2 27 27 4 7 7 4 4 4 4 4 4 4 4 4 7 7 3 7 4 4 4 4 4 29 31 4 29 29 30 32 31 4 31 31 31 31 31 31 31 28 28 28 12 28 11 11 14 4 4 26 28 28 4 2 2 26 14 11 2 2 10 10 2 9 2 9 2 2 2 2 25 11 2 25 2 
-------------------------------- 2:89 -------------------------
2 25 25 2 25 2 10 10 3 9 2 25 2 2 3 2 2 9 2 2 9 10 2 25 9 11 10 13 2 9 11 27 27 27 4 4 4 14 4 4 4 4 4 4 4 4 29 29 4 4 29 29 4 31 4 31 30 31 31 31 31 31 31 31 31 31 28 28 31 12 28 28 31 28 28 28 31 11 28 28 28 11 28 11 28 28 2 28 2 
-------------------------------- 2:89 -------------------------
2 2 10 2 2 26 3 25 25 9 2 2 2 10 2 2 26 2 9 2 26 25 25 9 2 4 3 4 4 4 4 4 4 4 4 4 4 29 29 4 4 4 4 4 4 4 4 4 4 4 4 29 4 29 4 4 4 4 4 31 31 31 4 4 31 31 31 4 31 31 4 27 28 28 28 11 28 28 28 2 26 26 28 26 28 28 2 9 11 
-------------------------------- 2:89 -------------------------
9 9 2 11 9 2 9 9 2 9 25 2 2 2 2 25 9 9 2 10 9 25 2 9 9 9 10 2 2 2 9 9 26 25 2 2 2 2 2 9 1 25 26 4 4 4 4 4 4 4 4 4 29 29 29 4 4 4 29 4 31 31 4 31 4 4 31 4 31 31 31 31 31 4 31 31 4 28 28 28 11 28 28 28 28 26 28 28 28 
-------------------------------- 2:89 -------------------------
2 2 10 2 2 25 2 25 2 2 11 11 9 25 2 2 2 2 2 25 2 25 2 9 9 2 2 2 25 25 2 2 25 2 4 4 4 4 4 4 4 4 4 4 4 4 4 4 4 4 4 4 29 4 29 31 31 31 31 31 31 31 31 31 31 31 31 31 31 31 28 4 31 31 28 28 28 31 11 11 28 11 11 11 28 28 14 11 11 
-------------------------------- 2:89 -------------------------
9 9 9 2 3 9 2 2 2 2 1 2 2 2 9 2 25 2 2 1 1 2 2 2 2 9 2 2 1 9 27 27 27 4 4 4 4 4 4 4 4 4 4 4 4 7 7 7 7 7 7 4 4 4 4 4 4 4 31 4 4 31 31 31 31 4 31 31 31 31 31 28 4 28 28 28 28 28 11 28 28 28 26 28 14 4 2 2 26 
-------------------------------- 2:89 -------------------------
27 2 9 2 9 2 9 2 25 2 2 2 25 25 9 25 4 4 4 4 4 4 4 29 4 4 4 4 4 4 4 29 29 29 4 4 29 4 29 31 29 31 30 30 31 31 31 31 31 31 31 31 4 31 31 4 28 28 31 28 28 28 28 28 28 28 28 28 28 11 28 11 28 2 28 28 11 11 2 2 25 25 2 2 2 2 10 2 2 
-------------------------------- 2:89 -------------------------
2 9 9 2 2 2 2 2 25 9 2 9 25 2 2 2 2 2 9 25 4 4 4 4 4 4 4 29 4 4 4 4 4 4 29 4 4 4 4 4 31 29 29 29 4 4 31 4 32 31 31 31 30 31 31 31 31 31 31 31 4 4 28 4 28 12 28 31 28 11 28 28 28 11 28 11 11 26 11 11 26 2 2 27 9 2 2 11 2 
-------------------------------- 2:89 -------------------------
2 2 11 25 2 2 2 2 9 2 9 1 9 2 4 4 4 4 4 4 4 4 4 4 4 4 4 4 4 4 7 4 4 7 4 4 7 29 31 4 4 4 31 4 29 31 31 4 29 31 31 31 28 31 28 28 28 28 28 28 28 11 28 28 27 27 28 28 2 2 27 11 10 11 2 26 2 2 11 26 2 9 2 2 2 2 2 2 10 
-------------------------------- 2:89 -------------------------
10 25 25 2 25 2 2 2 25 2 2 10 25 9 2 4 2 4 27 3 3 7 4 4 3 3 4 4 4 4 4 4 4 31 4 31 31 31 31 4 4 31 31 4 31 31 31 31 31 31 28 28 28 31 31 4 28 28 28 28 4 28 4 11 25 2 4 11 2 2 2 26 2 2 11 10 2 2 2 2 25 2 9 2 2 25 2 27 10 
-------------------------------- 2:89 -------------------------
2 25 9 2 9 25 2 2 9 25 9 2 25 3 2 2 2 9 2 2 2 9 9 2 1 11 11 9 2 2 2 26 2 4 4 4 4 4 29 29 29 29 29 29 29 29 4 4 4 4 4 4 4 4 29 29 4 4 31 30 29 4 4 31 31 31 31 31 31 4 31 31 31 31 28 28 28 28 28 28 31 28 28 27 28 12 28 26 4 
-------------------------------- 2:89 -------------------------
11 27 2 2 2 2 2 10 2 2 2 2 4 4 4 4 4 4 4 4 4 4 4 4 4 4 4 31 29 4 4 4 31 4 4 4 4 31 31 31 31 32 31 31 31 4 31 28 28 28 31 28 28 28 28 28 28 28 28 28 11 11 4 27 2 2 28 11 10 11 2 4 2 11 2 10 2 2 2 2 2 2 11 2 2 11 9 10 2 
