-------------------------------- 5:89 -------------------------
9 1 2 25 25 2 25 2 9 10 9 25 2 2 26 4 23 23 29 4 4 4 14 31 4 4 31 4 14 12 27 14 31 14 15 21 4 4 4 31 31 31 31 31 32 32 32 31 31 31 31 14 4 4 31 28 28 28 31 28 28 28 28 11 11 11 28 11 9 27 27 11 27 11 10 2 10 2 10 2 25 25 2 11 2 2 2 2 2 
-------------------------------- 5:89 -------------------------
1 2 26 2 2 11 11 9 25 2 10 9 2 2 26 25 13 23 23 31 31 31 31 31 14 14 14 31 14 14 31 31 28 27 27 27 14 15 26 26 14 21 14 14 14 28 31 31 31 4 4 4 31 31 31 31 31 31 28 31 28 28 12 28 28 28 28 28 28 28 11 28 11 28 26 27 28 28 10 2 27 11 11 10 11 9 25 9 2 
-------------------------------- 5:89 -------------------------
27 25 27 27 26 25 26 26 14 14 14 23 31 31 31 31 14 14 14 14 13 13 14 14 31 12 14 27 27 14 26 14 14 14 14 23 14 4 4 31 4 4 31 4 31 31 31 4 31 31 31 4 31 31 31 28 11 28 28 28 28 28 28 11 25 28 11 11 11 2 4 4 2 26 11 2 9 11 9 9 25 11 2 2 2 25 2 2 9 
-------------------------------- 5:89 -------------------------
2 9 10 10 2 25 2 11 11 9 9 26 4 23 23 31 4 14 31 31 14 14 14 14 12 31 14 11 14 27 14 14 14 14 14 14 14 27 14 14 14 15 31 4 31 4 4 31 31 4 31 31 31 31 4 27 28 31 4 31 31 4 28 28 28 28 28 28 28 28 11 11 28 27 4 25 27 4 2 2 10 11 27 25 2 2 9 2 2 
-------------------------------- 5:89 -------------------------
2 11 2 10 2 2 25 9 2 25 2 26 23 23 4 31 31 31 14 14 14 14 14 14 14 31 27 14 27 27 27 14 14 14 16 14 14 27 14 14 14 23 14 14 22 22 31 31 31 31 31 4 31 31 31 28 31 31 28 28 31 28 31 28 11 28 28 28 27 12 11 11 26 11 11 27 11 27 11 10 10 2 11 2 2 2 2 2 2 
-------------------------------- 5:89 -------------------------
2 25 2 25 9 26 25 26 26 23 31 14 4 4 31 14 11 14 12 14 14 4 31 12 14 27 27 14 14 14 14 26 14 14 14 14 14 14 14 14 27 4 4 4 31 31 31 4 31 31 31 31 31 28 31 28 28 31 28 28 12 11 28 28 4 28 11 28 11 27 11 26 11 11 11 11 11 10 9 10 9 11 2 11 2 9 9 10 9 
-------------------------------- 5:92 -------------------------
4 28 28 27 7 29 31 28 27 2 27 25 2 2 2 1 2 9 2 2 2 2 9 2 9 9 9 9 9 9 2 2 25 25 9 26 4 23 14 4 31 27 14 14 14 14 11 11 13 12 12 27 14 14 15 14 14 15 14 14 15 14 14 14 14 15 4 4 4 31 31 4 4 31 31 31 31 31 4 31 4 28 31 31 28 28 12 28 11 28 28 28 
-------------------------------- 5:89 -------------------------
25 9 9 25 2 2 2 11 2 2 9 2 26 2 26 26 23 29 29 4 4 27 31 4 14 4 27 31 14 31 31 4 27 11 11 11 14 14 14 14 15 15 14 14 14 14 15 15 15 31 31 31 31 32 31 31 4 4 31 4 4 4 31 4 28 31 28 28 28 31 31 28 11 28 28 28 2 28 11 2 2 10 27 11 2 9 26 11 2 
-------------------------------- 5:89 -------------------------
2 10 25 2 2 2 11 10 9 11 26 26 26 22 4 31 4 31 4 4 14 14 14 14 14 4 11 14 27 27 27 27 27 26 26 21 21 26 23 4 14 4 14 14 14 31 4 31 31 31 31 28 31 31 4 4 28 28 4 28 28 28 28 28 28 28 28 28 11 11 11 11 11 2 11 2 10 11 11 2 25 2 25 2 11 2 2 27 2 
-------------------------------- 5:89 -------------------------
1 9 2 25 9 9 9 9 9 9 9 2 13 4 23 23 27 27 14 14 14 14 31 14 31 4 31 27 27 10 27 11 11 14 14 27 27 26 26 23 14 31 14 15 31 31 31 4 31 31 31 31 31 31 27 27 28 31 31 28 31 31 28 4 11 11 28 28 26 11 11 11 11 11 4 2 25 10 2 2 25 2 2 9 25 9 10 10 25 
-------------------------------- 5:89 -------------------------
2 2 26 9 15 23 4 4 4 4 31 4 27 14 14 14 14 31 4 31 14 27 27 26 14 14 14 14 14 14 14 26 14 14 21 14 21 15 14 14 31 4 4 4 31 31 31 31 32 31 31 31 28 12 28 28 31 4 27 12 28 14 4 28 28 28 2 11 11 28 2 11 11 27 11 2 2 25 2 2 1 1 9 2 3 2 3 2 2 
-------------------------------- 5:89 -------------------------
9 25 2 2 2 25 25 9 25 25 25 26 4 14 4 31 4 4 4 14 14 14 31 31 4 4 31 14 27 27 27 27 27 27 26 27 27 14 27 14 14 14 14 14 14 4 31 31 31 32 31 31 31 31 4 31 31 28 4 31 31 27 28 28 28 11 11 12 28 28 10 26 28 11 10 26 10 27 10 3 2 11 4 3 3 11 2 4 2 
-------------------------------- 5:89 -------------------------
9 2 9 9 2 2 2 9 9 13 9 9 14 14 23 4 27 4 4 28 4 31 31 14 4 31 31 4 27 14 14 14 15 14 14 26 14 14 14 14 23 15 21 14 31 31 31 22 24 31 31 31 31 31 31 31 31 31 28 28 4 28 28 28 28 28 4 28 11 28 26 10 11 11 4 11 2 2 11 10 2 2 2 2 11 11 9 25 2 
-------------------------------- 5:84 -------------------------
9 2 2 27 11 2 10 26 26 21 4 23 14 14 4 4 4 14 31 14 4 31 28 31 31 31 28 27 11 11 14 14 14 14 14 14 15 22 23 14 14 31 31 31 31 31 31 31 31 4 31 31 4 4 28 31 28 4 28 28 28 11 27 27 27 11 2 2 11 11 9 2 11 2 2 10 11 25 10 10 2 2 9 1 
-------------------------------- 5:89 -------------------------
2 2 2 2 2 2 2 2 2 3 2 3 1 25 2 25 2 2 9 9 2 2 23 23 31 4 4 31 31 14 14 4 31 31 4 4 27 27 27 14 26 14 14 14 14 14 14 14 27 26 14 23 14 23 14 22 31 4 4 31 4 4 4 4 4 31 28 28 28 4 27 12 27 28 27 11 28 28 11 2 28 11 27 27 2 2 2 25 27 
-------------------------------- 5:89 -------------------------
1 9 2 2 10 25 15 11 13 26 31 23 4 31 4 27 11 27 27 27 13 14 4 4 31 31 31 27 27 27 27 27 27 27 27 26 26 21 21 22 21 23 31 14 4 4 4 4 31 31 31 31 31 4 31 31 28 4 31 31 28 4 28 31 28 28 27 28 28 11 27 27 27 10 2 27 11 9 9 27 2 2 2 2 2 2 9 26 27 
-------------------------------- 5:89 -------------------------
10 2 2 10 10 9 9 25 4 31 4 4 4 31 4 4 4 4 31 14 31 31 31 28 27 27 27 27 14 14 14 14 14 14 14 11 11 14 26 14 14 15 15 4 4 4 31 4 31 31 4 4 31 28 28 12 11 31 28 28 28 31 28 4 27 28 28 28 2 27 2 11 9 11 27 9 10 9 10 9 2 9 9 25 2 2 2 2 2 
-------------------------------- 5:91 -------------------------
2 26 28 23 14 14 14 4 27 4 27 14 14 14 12 31 31 28 27 27 27 27 27 14 14 14 14 14 14 14 14 14 14 15 23 23 14 14 31 31 32 31 31 31 31 4 31 31 4 31 28 28 28 28 28 28 28 28 27 2 11 28 11 2 26 11 11 9 11 11 26 2 2 2 26 9 1 9 9 2 2 25 2 25 9 2 2 9 25 25 25 
-------------------------------- 5:89 -------------------------
9 9 11 2 2 2 3 10 2 2 2 2 25 26 26 23 31 31 4 27 27 14 31 31 31 4 31 4 31 31 31 11 27 27 14 14 14 11 14 11 11 11 14 14 15 15 14 14 15 14 31 31 31 4 4 31 4 24 31 31 31 31 14 31 28 14 28 28 28 28 28 4 28 27 25 11 11 11 27 2 11 2 25 2 9 9 3 27 1 
-------------------------------- 5:89 -------------------------
2 2 2 9 9 10 2 2 9 2 2 9 26 26 26 27 14 31 31 4 31 31 31 31 31 31 31 31 31 31 31 14 26 14 14 14 11 14 11 14 16 14 14 14 11 15 15 27 14 15 15 15 31 31 31 31 31 31 31 31 31 4 4 31 31 31 31 28 28 28 28 11 4 27 28 28 11 11 28 11 11 11 2 27 11 2 2 10 9 
-------------------------------- 5:89 -------------------------
27 11 9 11 2 9 10 2 9 9 26 26 26 15 28 14 27 4 31 31 31 14 14 31 31 31 4 31 31 31 28 14 27 14 15 26 15 15 11 14 11 26 15 15 15 21 23 23 21 14 14 14 31 31 31 24 31 31 31 31 31 31 28 31 31 28 14 28 4 28 28 28 11 28 28 27 27 4 26 25 2 11 26 2 2 2 10 25 10 
-------------------------------- 5:89 -------------------------
2 9 25 26 11 25 9 10 9 25 26 14 14 23 14 27 14 4 4 28 4 4 31 4 31 31 31 31 14 27 14 14 14 14 14 16 16 14 14 14 14 14 11 14 14 14 14 22 15 14 14 31 4 4 31 31 4 4 4 4 31 31 4 31 31 28 11 28 28 27 11 4 28 11 2 28 28 14 2 11 28 27 10 11 10 4 2 2 2 
-------------------------------- 5:89 -------------------------
2 2 11 4 4 2 4 4 2 2 2 2 28 25 11 27 2 26 26 23 23 23 31 27 11 31 27 27 14 4 28 4 4 4 4 27 27 27 27 16 15 14 14 15 15 16 11 14 14 14 14 15 14 14 14 31 4 4 4 4 4 4 31 4 4 31 31 4 31 31 4 28 4 28 4 11 4 11 28 28 2 11 28 27 26 11 26 27 11 
-------------------------------- 5:89 -------------------------
2 2 10 25 11 25 25 25 26 9 26 22 31 31 4 31 4 31 11 11 12 12 31 4 4 28 4 4 28 27 27 14 14 11 14 16 16 16 16 16 11 14 11 11 11 14 14 14 14 27 14 31 31 31 31 4 31 31 31 4 31 31 31 4 4 28 28 4 28 28 28 4 28 28 28 27 11 11 28 2 26 11 11 26 2 27 10 9 2 
-------------------------------- 5:89 -------------------------
2 2 2 2 2 25 9 10 9 26 26 26 4 31 23 31 31 31 31 14 14 11 14 31 4 4 31 27 27 14 11 11 11 14 14 11 14 14 14 14 14 11 14 14 14 23 14 14 14 4 4 31 31 31 4 31 31 31 4 4 4 31 28 28 28 27 4 27 11 28 4 27 2 28 26 2 11 2 11 11 2 2 2 2 2 2 2 3 25 
-------------------------------- 5:89 -------------------------
2 10 27 2 2 2 2 2 11 2 2 13 9 2 2 2 4 14 14 31 31 28 31 31 31 4 4 31 12 31 31 31 14 27 14 11 14 14 14 14 14 16 16 16 14 11 14 14 14 14 14 14 14 14 14 14 31 31 31 28 31 31 31 4 32 4 28 28 28 28 28 28 28 28 11 28 25 28 4 28 11 26 11 11 11 11 25 11 2 
-------------------------------- 5:89 -------------------------
9 2 25 2 2 2 9 9 9 11 10 9 13 13 9 13 14 14 14 14 31 4 28 31 31 11 11 31 31 31 31 31 27 27 14 14 14 14 14 16 16 15 14 14 15 15 15 15 15 15 14 14 14 14 14 31 31 31 31 4 4 4 31 31 4 4 31 31 31 28 28 28 28 28 28 4 28 4 28 11 2 27 28 2 2 11 27 2 9 
-------------------------------- 5:89 -------------------------
2 9 10 26 26 15 22 23 31 31 31 31 14 14 27 14 14 14 31 31 31 4 31 27 14 27 14 14 14 16 14 14 11 14 14 14 14 16 14 14 14 14 14 14 14 14 31 31 32 32 31 31 31 4 31 31 31 4 28 28 31 4 28 28 28 28 11 28 28 11 11 11 11 2 2 11 27 11 11 11 27 11 11 27 10 9 9 2 25 
-------------------------------- 5:89 -------------------------
2 2 2 4 25 2 2 25 25 26 23 31 31 4 4 31 31 31 14 12 28 31 4 28 28 27 27 27 14 14 14 14 16 16 16 14 14 14 14 14 11 16 14 14 15 15 14 27 31 31 31 31 31 31 31 31 31 31 31 31 4 28 28 28 28 28 31 31 28 28 28 28 11 11 28 27 26 11 27 27 2 27 11 11 25 27 11 2 2 
-------------------------------- 5:89 -------------------------
9 2 10 10 11 10 2 2 2 2 2 2 2 2 2 11 9 9 9 9 26 15 14 4 31 14 13 13 14 14 14 14 14 12 28 27 27 27 27 14 14 14 14 14 15 16 14 14 14 4 14 14 21 21 14 14 23 14 31 31 31 31 31 31 31 4 4 31 4 28 31 31 12 28 28 28 12 27 27 28 28 11 11 11 11 10 10 27 26 
-------------------------------- 5:89 -------------------------
2 2 2 25 10 25 25 26 9 25 10 2 2 2 25 25 25 25 31 31 4 31 4 4 4 4 14 14 14 11 13 4 4 4 31 27 14 28 27 31 28 28 31 31 31 31 31 31 31 4 31 31 31 31 31 31 28 4 4 31 31 4 28 28 28 28 11 28 28 12 14 11 28 11 4 11 11 11 10 2 10 11 11 2 11 11 2 9 25 
-------------------------------- 5:89 -------------------------
3 2 2 27 2 9 9 9 9 28 26 26 27 4 4 13 2 13 13 13 13 13 13 4 31 31 14 27 27 27 14 27 4 31 14 31 31 31 14 31 31 4 4 4 28 31 28 28 28 28 4 28 28 4 11 28 31 28 28 10 27 28 11 11 2 11 10 10 2 2 2 25 9 2 27 11 9 11 10 11 2 2 11 10 2 2 9 26 10 
-------------------------------- 5:89 -------------------------
25 2 25 25 25 26 26 14 21 21 4 31 4 2 13 13 13 13 13 14 4 14 12 28 27 27 27 31 4 4 4 4 31 22 22 4 4 4 4 31 31 31 31 31 31 31 31 28 31 28 11 31 28 11 4 11 28 28 28 2 11 28 4 11 11 28 11 2 26 25 9 2 11 27 2 10 2 2 9 2 9 2 9 2 2 9 2 2 2 
-------------------------------- 5:89 -------------------------
2 2 9 25 2 2 2 2 11 2 25 26 31 14 23 21 31 31 27 11 11 10 13 11 11 11 10 11 16 14 27 27 27 27 26 27 27 14 4 4 28 31 31 31 31 31 4 4 4 31 31 31 30 31 31 31 31 28 31 14 11 28 14 28 14 28 11 28 28 11 14 28 28 11 12 4 11 26 11 27 11 9 11 2 2 2 2 11 27 
-------------------------------- 5:89 -------------------------
4 2 2 2 2 3 4 23 4 4 31 4 4 14 14 16 14 14 13 13 2 14 31 27 27 27 28 27 27 27 27 26 14 23 22 4 4 4 31 4 32 24 32 31 31 31 31 4 4 31 28 28 28 28 28 28 28 12 28 28 28 12 28 11 11 11 11 11 11 11 27 11 2 11 2 10 2 2 2 10 2 2 2 25 10 9 2 26 11 
-------------------------------- 5:89 -------------------------
10 2 2 26 22 4 23 21 4 27 2 11 11 16 11 14 14 27 12 31 14 11 11 14 14 11 11 14 15 14 23 14 28 31 31 4 31 31 31 31 4 31 31 4 4 31 31 31 28 11 31 28 12 11 28 28 28 27 28 11 11 11 2 11 11 11 2 2 10 11 11 2 2 11 11 11 11 26 2 2 2 26 2 2 9 9 25 25 2 
-------------------------------- 5:89 -------------------------
2 26 26 4 23 14 31 4 27 14 14 16 11 14 14 11 11 11 11 12 27 27 27 27 27 27 27 28 27 4 4 31 4 31 31 31 4 4 31 31 31 31 31 32 31 31 28 28 4 28 28 14 28 28 11 4 28 11 12 11 2 28 11 2 2 27 27 11 10 11 9 9 25 2 9 2 2 2 9 2 2 9 2 2 2 9 2 9 9 
-------------------------------- 5:89 -------------------------
2 2 9 2 2 9 13 9 2 26 14 23 23 23 23 4 4 4 2 4 11 11 27 14 13 13 13 11 4 4 12 27 27 27 27 27 26 14 14 31 31 14 31 31 4 31 31 31 31 4 31 31 28 4 31 31 31 28 28 28 28 28 11 28 28 28 11 28 28 11 2 11 27 11 27 10 28 10 9 9 2 2 11 10 9 2 11 2 2 
-------------------------------- 5:89 -------------------------
27 28 4 28 11 11 15 23 27 4 14 26 4 14 14 14 14 31 14 4 14 24 31 31 14 27 27 26 26 26 26 28 28 28 4 4 31 31 31 4 4 31 4 4 31 31 31 31 31 31 31 4 28 31 28 28 11 28 28 28 4 28 28 27 11 28 28 14 11 11 11 2 10 2 2 2 2 2 2 3 2 10 4 2 11 11 11 28 13 
-------------------------------- 5:89 -------------------------
9 2 25 25 25 26 13 14 14 14 27 4 4 2 14 14 14 16 14 14 14 14 14 14 12 27 11 11 11 27 11 27 26 27 28 31 31 28 31 31 31 31 31 31 31 31 31 31 31 31 31 31 28 31 28 31 31 14 14 28 28 28 27 28 28 28 11 11 12 28 11 27 11 11 11 10 9 11 11 2 10 2 10 2 11 9 9 9 2 
-------------------------------- 5:89 -------------------------
2 2 2 2 9 26 10 9 9 9 13 14 4 23 31 4 4 4 14 14 13 13 13 13 13 14 31 31 12 14 27 27 27 4 14 14 14 14 31 31 31 31 32 32 31 31 31 31 31 12 28 31 31 28 28 31 28 28 11 28 28 28 28 28 28 28 11 11 12 11 13 2 11 11 27 11 11 11 10 2 10 11 2 10 9 9 9 2 2 
-------------------------------- 5:89 -------------------------
11 2 2 2 2 2 25 2 10 25 9 11 2 2 25 2 10 25 25 25 25 25 26 15 14 28 31 27 11 15 13 13 13 11 14 14 14 14 14 4 31 11 27 14 14 27 26 26 27 27 14 27 27 27 31 31 31 31 31 31 31 31 31 31 31 4 28 28 28 4 28 28 11 27 28 28 11 27 11 28 28 10 11 28 11 2 2 11 25 
-------------------------------- 5:89 -------------------------
26 26 15 23 31 31 4 4 14 13 13 14 14 11 13 14 12 27 27 14 14 14 22 31 31 31 4 4 31 31 31 31 31 31 31 28 31 28 28 31 28 28 27 28 28 31 14 28 11 11 4 11 28 4 2 11 27 11 11 9 11 11 2 25 9 2 11 2 2 2 2 25 9 27 2 2 9 10 2 9 9 10 2 2 2 25 2 9 25 
-------------------------------- 5:89 -------------------------
9 25 26 31 28 31 31 31 14 14 10 9 11 14 11 12 14 14 14 28 27 27 27 27 28 28 31 31 31 31 31 31 4 31 31 31 31 31 31 31 31 4 28 31 31 4 31 28 28 28 28 28 28 11 11 28 11 11 27 11 11 11 10 2 11 2 11 11 4 2 2 27 10 2 9 25 9 10 2 25 25 9 25 9 2 2 9 2 10 
-------------------------------- 5:89 -------------------------
26 2 2 2 2 2 2 9 26 26 25 25 15 27 14 4 4 4 4 31 14 14 13 13 16 11 13 11 31 12 27 27 27 27 28 14 4 4 31 31 31 31 31 31 4 4 31 31 4 31 31 28 31 28 28 28 28 11 31 31 31 28 11 28 28 28 11 28 11 28 11 11 27 11 9 2 11 11 9 9 10 2 9 11 26 25 11 9 10 
-------------------------------- 5:89 -------------------------
9 2 9 9 2 2 25 2 2 2 2 2 2 2 2 9 25 2 25 9 11 9 25 25 2 2 2 2 2 9 9 9 9 9 26 14 14 14 4 27 11 11 14 14 10 11 11 14 31 12 27 27 27 27 27 27 31 14 14 31 31 31 4 32 31 31 31 31 28 31 31 31 28 28 4 28 28 31 28 4 28 31 28 11 28 28 28 26 11 
-------------------------------- 5:89 -------------------------
2 9 2 10 9 9 2 2 25 25 25 9 25 26 14 31 31 4 4 4 13 13 11 11 11 11 2 11 4 27 27 27 27 27 4 27 31 31 31 31 31 31 31 31 31 31 31 31 4 4 4 31 31 31 28 28 28 28 28 28 28 28 28 28 11 28 12 11 28 11 11 9 11 2 11 10 2 10 11 11 11 26 2 25 2 2 27 2 10 
-------------------------------- 5:89 -------------------------
2 11 2 9 25 25 25 25 25 26 28 28 31 31 31 4 4 11 13 14 11 13 13 11 13 14 31 27 27 27 27 28 28 14 31 27 14 14 31 31 31 31 31 31 31 32 31 31 31 31 31 31 31 4 31 28 28 11 28 28 4 27 28 28 28 11 28 4 11 26 28 11 11 28 11 11 11 9 25 2 10 2 10 11 9 2 2 2 10 
-------------------------------- 5:89 -------------------------
4 26 27 28 27 9 26 26 14 4 27 26 2 27 13 13 4 4 14 14 14 14 13 11 31 27 27 26 26 27 27 27 27 14 4 31 31 27 31 31 4 4 4 31 4 4 4 31 31 31 4 28 31 4 11 31 28 31 28 28 31 4 4 4 4 11 28 27 11 11 28 27 13 4 13 11 11 2 11 28 11 2 2 10 11 2 2 2 27 
-------------------------------- 5:89 -------------------------
10 25 2 2 9 25 9 9 2 10 9 25 2 25 25 22 23 23 23 4 4 13 11 11 11 10 16 14 14 14 11 11 27 27 27 27 27 31 31 31 31 4 31 31 4 4 31 4 4 4 32 31 31 4 31 31 31 31 4 31 28 28 12 28 28 28 28 28 28 28 11 4 11 28 2 11 11 2 2 10 11 2 9 10 2 9 25 2 2 
